[
  {
    "pattern" : "EPWA*APP",
    "limits"  : [
      52.284166666666664, 20.053611111111113,
      52.5575,            20.261666666666667,
      52.62722222222222,  20.660555555555554,
      52.71027777777778,  20.76722222222222,
      52.66083333333333,  20.855555555555558,
      52.686388888888885, 21.21222222222222,
      52.559999999999995, 21.264722222222222,
      52.48861111111111,  21.26361111111111,
      52.43888888888888,  21.15694444444444,
      52.31944444444445,  21.309166666666666,
      52.28333333333333,  21.4375,
      52.11666666666667,  21.544722222222223,
      52.12138888888889,  21.6225,
      51.98388888888889,  21.63138888888889,
      51.831944444444446, 21.513333333333332,
      51.75388888888889,  21.398055555555555,
      51.786944444444444, 21.070555555555554
    ]
  },
  {
    "pattern" : "EPKK*APP"
  }
]